lightGBM - result model
=============== 20 num_boost_round=20 =====================

[(None, 5725377680.3648233),
([0], 5717771830.3718672), ***
([3], 5739473013.7024937),
([6], 5730775563.6015253),
([0, 3], 5738067838.1672754),
([3, 6], 5740603860.1263323),
([0, 6], 5730392421.1179638),
([0, 3, 6], 5739127315.9229984)]

=============== 1000 num_boost_round=1000 =====================
(None, 2367039865.0790944), ***
([0], 2414243412.1188631),
([3], 2429443722.3177915),
([6], 2407235237.6911287),
([0, 3], 2442350871.2190962),
([3, 6], 2440184411.0948515),
([0, 6], 2430830655.1037617),
([0, 3, 6], 2434355043.6976471)

-----------------------------------------------------------------
[(No, 2375263344.064178), ***
([0], 2398702807.2993393),
([1], 2406255956.2745528),
([2], 2434465068.7105093),
([3], 2404357586.5484977),
([4], 2407616427.6815391),
([5], 2411933260.9560943),
([6], 2429209025.5303488),
([7], 2462297769.9376974),
([8], 2432197896.4955931)]

NN - result model
=============== NN ===================================
[(No, 28721795689.205479),
([0], 28511385684.164383),
([1], 28249847836.054794), ***
([2], 28445108644.821918),
([3], 28287424652.273972),
([4], 28585429749.47945),
([5], 28299107370.082191),
([6], 29027025344.876713),
([7], 28850234690.630138),
([8], 28296792849.534248)]